299
1813
1260 930 303 1251 624 716 642 137 821 521 1099 567 808 
4 5 5 3 5 5 3 5 4 1 3 3 2 
491 1015 1553 901 108 1704 166 293 479 334 247 338 187 750 1191 1590 607 886 134 1031 1204 874 970 799 
4 5 2 4 3 4 3 5 2 5 5 5 5 3 4 4 5 4 5 4 5 3 5 5 
1108 1175 592 
5 5 5 
642 17 1163 408 1215 1715 925 552 444 373 712 1420 624 
5 5 5 5 5 5 5 5 5 5 5 5 5 
827 1143 278 1473 1398 1047 1444 1278 
5 4 5 5 5 2 3 3 
1384 68 890 489 850 54 668 505 1229 
5 5 4 5 4 4 5 5 4 
1489 1433 664 1549 1644 1574 1382 1087 750 1668 660 268 1222 1673 542 102 837 1802 1095 151 1738 1641 394 1476 1631 261 1339 1783 375 
5 5 3 1 5 4 5 4 3 4 3 4 5 5 2 3 2 3 4 2 3 4 5 5 2 4 5 4 4 
23 582 857 1253 1738 1659 204 1155 
5 5 3 5 5 5 1 4 
1083 1321 1384 1226 810 206 373 
5 5 5 5 3 5 5 
413 54 460 1033 836 53 373 1030 236 657 1229 174 724 400 508 1629 1444 890 
5 5 5 5 5 5 5 5 5 5 5 5 5 5 5 1 5 5 
308 373 994 914 468 1783 765 875 925 1784 1622 1020 506 1095 339 1493 378 487 1704 128 1731 1759 676 1197 1780 893 1769 1743 1383 1798 22 169 156 
5 5 4 5 5 5 4 5 4 5 5 4 4 5 5 5 4 5 5 5 5 5 5 5 2 5 4 5 5 5 5 5 5 
273 1535 662 641 1480 444 1078 1127 
5 5 1 5 5 5 5 5 
1519 193 1052 652 877 883 808 1524 1208 904 
4 3 4 5 4 4 3 5 5 4 
1348 1648 992 386 1625 1667 1650 309 371 1161 158 758 1575 1172 1404 41 1716 1392 1654 190 1183 82 1228 1141 1184 1104 838 1515 55 151 398 1334 1533 
5 5 5 4 5 5 5 5 5 4 5 5 4 5 5 5 4 5 3 5 5 4 5 5 5 5 5 5 5 5 5 3 5 
293 502 1068 1394 1617 1682 437 
5 5 1 1 1 4 3 
1799 369 1619 1131 9 1037 803 1407 663 1749 1236 346 533 
5 5 4 3 5 5 5 5 5 5 3 5 1 
1274 558 336 247 1762 730 599 418 820 1312 16 1295 1249 609 122 489 1503 1694 41 1283 1604 587 275 179 158 1076 1594 270 1361 1750 1319 
4 5 5 5 5 5 5 5 4 4 5 4 5 5 4 1 5 5 5 5 5 5 4 5 5 5 5 5 4 5 5 
1176 1242 1684 113 1668 1038 1134 1524 264 1728 1148 1207 1743 375 1807 1183 1565 457 411 856 1808 158 373 1172 673 908 1500 758 165 1532 1771 1396 28 100 1068 810 1406 
4 3 4 4 4 4 3 5 4 4 2 4 5 4 3 4 4 4 5 4 4 4 4 5 4 5 5 4 4 5 4 5 4 5 4 4 3 
398 1256 412 1149 108 1675 1596 808 396 116 506 1285 676 391 925 1114 117 1051 408 212 1477 203 1134 642 1752 1584 1622 1768 1528 102 1242 1798 1471 
4 4 4 5 4 4 4 4 3 5 4 4 4 3 2 4 5 4 5 4 4 3 2 4 4 5 4 2 4 4 4 4 4 
151 1189 1095 1154 1418 481 1624 1340 763 790 1168 431 129 1117 1622 487 1471 1375 966 1587 1160 338 408 479 925 1783 704 624 558 678 1709 1286 
2 5 4 3 5 2 5 5 5 5 5 4 5 5 4 4 4 3 4 5 4 3 5 2 2 5 5 4 4 1 3 5 
573 1769 1547 1787 1606 599 164 294 1249 1778 933 1702 818 1472 1076 1333 1704 286 519 1108 196 156 1456 1666 117 356 561 1477 994 708 
5 5 5 5 5 4 5 5 1 3 3 5 4 5 1 3 4 5 5 5 4 5 4 3 4 3 5 4 4 5 
264 101 1316 558 339 914 1702 664 1295 1812 569 1109 152 102 1798 113 1594 1488 85 573 1013 1054 1780 211 558 1477 486 1624 1122 
5 3 3 2 2 3 3 3 5 5 3 3 4 5 4 2 5 5 4 4 5 5 3 5 3 4 5 5 5 
229 308 1543 1163 152 1638 1444 160 279 573 1727 1558 
5 5 5 1 5 5 5 4 5 3 5 5 
70 315 834 914 492 1319 1390 1068 487 411 1606 41 468 398 1644 900 1713 705 1580 1206 1325 522 1606 1075 129 692 261 733 1155 1160 1383 
1 5 5 4 4 5 3 4 3 4 5 4 4 3 5 1 3 3 2 3 4 3 2 3 4 5 3 4 4 4 4 
110 1622 28 1364 158 1679 1399 932 831 1798 1030 1143 1667 1378 127 1319 572 1073 1161 1207 1648 710 
5 5 5 5 5 5 5 4 5 5 5 5 5 4 5 5 5 5 5 4 5 5 
15 1386 1326 480 1474 351 
5 5 5 5 3 5 
1297 391 1604 1333 1206 1485 1798 1533 1406 391 128 1742 1022 712 431 468 1768 790 505 1694 1256 653 336 1495 151 122 1603 1736 1249 960 1248 871 1076 270 76 
5 3 4 4 3 4 4 5 4 5 4 4 5 3 5 5 1 5 1 4 5 3 5 4 3 2 2 4 4 5 5 4 4 5 3 
1275 1805 506 101 411 506 487 398 573 220 847 1108 717 349 78 1222 1073 1226 1735 849 356 1264 47 642 1631 765 740 
3 5 4 3 5 3 4 5 4 3 5 5 2 5 5 5 5 5 5 4 3 5 4 5 3 4 5 
1433 660 607 1015 1141 954 76 1172 333 258 647 1249 1374 1660 1156 1222 612 
4 4 5 5 3 4 3 3 4 3 4 4 5 5 2 5 4 
59 930 1115 1622 412 904 762 1720 1287 805 1803 639 206 712 466 
5 4 4 4 5 5 5 5 5 4 4 5 3 4 4 
1561 824 995 1560 469 408 1202 946 861 471 956 1580 1521 1643 1740 
3 5 5 3 4 4 5 5 4 5 3 5 5 4 4 
664 839 800 366 572 1242 1172 1295 158 1781 151 1367 1492 612 1771 1509 55 1115 1038 419 1541 727 169 1667 181 102 760 28 158 76 1622 28 46 148 
5 4 5 5 4 5 5 5 5 5 5 5 5 5 5 4 4 4 3 5 5 4 5 5 5 5 5 5 5 4 5 5 5 5 
1622 1336 1606 925 1535 1189 752 293 1120 1516 400 487 1339 1735 156 1183 1743 1321 1472 936 307 799 1718 1427 1574 1769 171 183 1433 
5 5 5 1 4 5 4 5 5 5 5 4 5 5 5 5 5 5 5 4 1 4 5 5 5 5 5 5 5 
1709 1048 1509 671 1285 870 1256 1777 299 665 508 834 168 1242 947 638 550 55 1667 878 1228 1541 165 1487 752 
4 4 2 4 4 4 4 5 4 4 4 4 4 4 4 4 2 4 5 4 4 4 5 5 5 
842 167 202 1444 68 1667 441 365 1040 1558 1725 1030 
5 5 5 4 5 5 5 5 5 5 5 5 
519 607 1667 905 379 108 927 412 487 151 1156 295 1631 52 82 877 639 1260 1574 274 1471 727 1762 1639 
4 4 4 4 3 4 4 5 5 3 5 5 3 5 3 5 4 4 5 4 2 4 3 5 
388 1769 1032 1161 1264 487 506 960 1541 1286 71 1162 673 361 391 632 1256 1160 136 158 339 780 294 1690 661 721 166 767 550 1535 
4 4 4 4 3 4 1 3 3 2 4 5 4 4 4 3 5 4 2 4 2 4 3 5 4 3 1 3 4 3 
786 267 1510 164 1800 579 1326 1480 
5 5 5 5 5 5 5 5 
1278 770 1229 
5 5 3 
660 1800 41 1732 871 795 1175 190 126 1674 764 1465 243 167 1624 295 1404 1433 1240 361 1022 854 1152 1175 763 1405 1190 901 188 80 221 1107 1476 
5 5 4 5 4 5 4 3 4 4 5 5 4 3 4 5 4 5 5 3 5 5 4 3 5 4 3 5 4 5 4 3 5 
773 1644 308 46 456 877 1796 54 1524 966 654 441 1278 1183 1489 1448 668 
5 5 5 5 5 5 5 5 5 5 4 5 5 3 5 5 5 
195 1716 446 711 516 1715 1659 1002 1557 1087 1345 451 696 
5 5 5 5 5 4 5 2 5 1 4 5 5 
141 1380 505 1078 379 1118 1433 837 723 1083 1541 708 506 893 130 315 236 331 166 400 1575 758 1798 1470 1535 1730 249 294 411 
5 4 5 2 2 4 3 4 4 4 5 5 4 3 5 5 5 5 2 2 4 4 4 5 3 5 4 5 5 
1380 41 585 1295 1722 506 485 1367 190 1631 1667 1256 676 1149 1564 158 671 604 58 1025 854 1168 932 152 1240 
4 5 4 5 1 3 5 1 2 5 4 4 5 1 3 3 5 5 3 2 5 5 4 5 3 
799 151 1610 1050 163 1252 841 1101 1622 519 579 47 954 1086 1536 1109 1622 1715 1369 329 1632 1053 1103 681 1209 118 656 1390 1759 
5 5 5 5 5 5 5 5 4 4 3 4 5 3 5 5 5 4 5 5 5 5 5 5 5 4 3 5 4 
244 101 1086 1518 479 1087 1187 1226 1325 1003 1099 1494 1783 1214 566 1078 716 1644 1642 1805 1418 970 166 1722 1555 602 1136 1456 1675 1160 765 604 1622 1632 1104 102 39 
5 2 3 3 3 4 3 5 4 3 4 4 4 3 3 3 3 4 5 4 4 4 4 3 4 4 5 4 5 3 4 4 5 2 4 5 4 
1013 437 1030 1283 607 1759 1184 946 1441 1627 871 319 
5 5 5 5 5 4 4 5 5 3 5 5 
1218 330 1183 1461 399 424 535 1132 201 
5 4 5 5 3 3 5 5 5 
966 1127 923 1020 1564 1704 1369 772 1560 
5 5 4 5 1 4 5 5 1 
727 12 1018 1173 1643 654 279 1132 511 246 1524 1033 
4 5 4 5 4 5 5 5 5 5 5 5 
1485 1536 251 1736 947 1465 873 1385 1240 96 1667 268 1781 655 122 1745 1214 1739 148 676 736 820 46 28 130 1603 599 1242 932 1038 328 1206 211 1207 477 264 572 
4 4 3 3 3 4 3 4 4 5 5 3 5 4 4 3 4 4 4 3 4 4 5 5 4 5 5 4 4 4 3 5 5 4 4 4 4 
1119 678 1473 1249 1404 311 1019 1643 936 532 1766 933 1504 1580 275 198 342 829 1601 288 17 1315 1716 47 114 893 669 687 1081 1633 1721 1332 1156 614 
5 5 5 5 5 5 5 5 5 5 5 5 5 5 5 5 5 5 4 5 5 5 5 5 5 5 5 5 5 5 4 5 4 5 
1555 528 1785 1191 1182 1812 1716 645 244 1716 808 767 1751 795 1596 962 1535 156 294 1022 1702 
5 4 4 5 4 4 4 5 3 4 4 4 5 5 4 4 3 5 5 5 5 
873 651 962 130 1802 1667 1666 851 1251 1245 
5 4 5 5 5 4 5 5 4 5 
825 1105 328 1458 1800 6 877 1519 954 1564 473 
5 5 5 5 5 5 5 5 3 5 5 
50 
5 
1300 970 1716 1345 850 1239 393 894 
5 5 4 5 5 5 4 5 
687 303 1635 409 1191 535 78 1617 390 808 1577 545 1779 1382 912 1514 
3 3 3 4 4 5 3 1 3 5 3 5 3 2 5 5 
1172 1221 169 1745 445 1642 1610 1576 653 1033 1078 1134 151 790 1771 579 438 52 329 434 565 1242 1624 1087 893 335 1032 1369 93 738 1228 1228 1092 570 365 
5 5 5 5 5 5 5 3 5 5 5 5 5 5 5 4 2 5 5 5 4 5 5 5 5 4 5 5 5 5 5 5 5 5 5 
758 1051 412 1632 79 1207 1309 939 900 698 1596 1184 708 1435 1031 
5 4 5 4 4 4 3 4 3 4 5 5 5 5 5 
1592 1122 1371 1581 800 1447 1406 1503 576 1015 348 184 1707 
5 5 3 5 5 5 5 5 5 4 5 1 4 
163 328 1078 733 602 1171 158 1594 1309 1160 398 1319 620 1418 838 1325 1413 108 1256 248 699 1687 1722 994 190 361 1541 664 612 572 1026 181 1466 1236 1622 1472 1025 
5 5 5 5 5 5 5 5 5 5 5 5 5 5 5 5 5 5 5 5 5 5 5 5 5 5 5 5 5 5 5 5 5 5 5 5 5 
401 912 1591 446 187 1729 173 1620 56 1772 1379 647 1380 
5 5 5 5 5 5 5 3 3 5 5 5 5 
760 375 861 880 79 1013 921 324 379 1253 
5 5 5 4 5 5 4 4 5 5 
1564 632 1466 236 558 1297 418 1524 325 718 171 1248 1622 1528 1492 1477 744 286 578 1206 151 357 79 419 856 1485 1471 1207 1172 738 1149 981 841 196 
3 3 4 3 3 4 4 4 4 1 5 3 4 4 3 3 3 3 4 4 5 1 2 3 3 2 4 4 4 4 3 3 3 4 
1462 415 678 1202 1294 687 669 493 1154 363 17 1408 434 1602 933 1504 614 1633 1443 829 1081 1619 
5 5 5 5 5 5 5 5 5 5 5 5 5 5 5 5 5 5 5 5 5 5 
1239 1715 712 1536 130 857 652 74 1152 255 1278 1756 1488 1767 894 
5 5 4 5 2 5 5 5 5 3 5 4 4 5 5 
700 93 877 212 129 334 412 1434 1748 334 1015 1233 1020 308 807 456 
5 5 2 1 5 1 5 5 4 1 4 4 2 5 5 5 
1482 871 1361 1197 1184 255 570 1591 456 1759 247 752 1783 134 1669 1652 190 1535 1191 873 1286 1099 753 158 365 1275 124 1068 1051 
5 4 5 4 5 5 5 1 5 5 5 5 5 4 4 4 1 1 3 4 4 2 5 3 5 4 3 5 2 
375 1780 44 1086 620 1802 1161 821 1535 238 400 1384 728 174 136 251 1767 188 349 1575 1433 1160 1622 1718 1769 569 721 101 854 1478 1256 1452 
5 4 5 3 4 5 5 3 5 5 4 3 4 4 4 4 3 3 4 4 4 3 5 4 4 4 4 3 4 5 5 5 
1778 645 1033 1622 1528 985 96 1469 1580 400 782 85 1373 936 1581 1206 220 717 1141 468 1374 790 1606 1642 705 
5 5 3 5 4 4 4 5 4 4 5 5 2 4 5 4 4 3 4 4 5 3 4 5 2 
900 1207 1242 1351 786 1635 1178 1181 
4 5 5 5 4 2 2 4 
124 525 1807 1716 1107 1798 1361 566 875 473 37 1206 1183 126 847 596 1456 1008 1134 810 306 128 1574 1297 908 1489 409 1316 400 109 96 1799 1242 1674 286 1373 
5 5 5 5 5 5 5 5 5 4 5 5 5 5 5 5 5 5 5 5 5 5 5 5 5 5 5 5 5 5 5 5 5 5 5 5 
1555 1624 
4 5 
671 109 904 1162 129 411 1738 1631 58 769 1771 1226 1728 1385 925 1228 1020 44 77 1526 617 
5 4 5 5 3 5 5 4 5 5 5 5 4 5 5 4 5 4 5 5 5 
269 1783 960 214 1784 752 914 487 1468 1632 837 1737 1622 1666 294 574 981 1255 1718 1587 1631 1602 519 1716 1427 1709 1769 489 404 1798 
4 3 4 4 4 4 3 3 5 2 3 3 4 4 5 3 4 4 5 4 3 4 2 3 4 2 3 3 1 4 
511 1392 695 
3 4 5 
380 1245 663 1133 681 1602 501 1629 986 1802 1154 1731 447 1637 1735 
5 5 5 5 4 5 5 5 5 5 5 5 5 5 4 
746 1511 1717 567 1568 547 847 1667 803 861 1178 479 1781 752 191 
5 5 5 5 4 5 5 5 5 5 5 5 4 4 5 
1336 129 817 1141 1778 1719 1266 348 292 324 96 1769 83 477 921 1172 1104 1596 1746 1074 1095 412 628 1299 414 1295 519 179 
5 2 5 4 5 5 5 5 5 5 5 5 5 5 5 4 4 5 5 4 5 4 5 4 4 4 4 4 
1086 1751 159 592 1122 1049 50 626 506 558 1342 
3 4 4 2 5 4 5 4 3 5 4 
1755 1182 1494 749 1184 915 760 874 37 361 1284 468 876 390 54 204 550 268 661 1249 58 1236 28 1722 1475 
2 4 5 4 5 4 4 5 4 2 4 4 4 4 5 3 4 5 4 4 3 3 5 3 2 
1185 425 805 1176 310 286 1228 334 579 318 457 1242 162 1702 1693 1710 365 1074 800 130 29 386 312 1406 1183 1228 758 1184 966 752 434 
4 3 4 5 3 4 4 5 4 3 5 4 4 2 3 5 5 5 5 4 4 4 3 5 5 5 4 5 4 4 4 
440 1510 1111 1052 496 82 1617 
4 1 4 4 4 3 4 
547 1321 1064 1011 1292 
3 3 3 5 3 
1533 673 496 880 464 1043 1033 1523 746 
5 2 5 4 5 5 5 5 4 
376 1234 930 1629 1433 413 267 847 400 380 396 1516 1072 1099 
5 5 5 5 5 5 3 5 5 5 5 5 5 5 
519 632 746 847 825 1448 1135 840 970 837 487 726 873 1204 489 1197 93 518 656 331 1648 141 592 167 1358 
5 4 4 3 3 5 2 3 5 4 5 4 4 4 1 5 4 4 3 4 5 5 4 3 5 
1736 1031 455 1716 668 234 401 262 448 1751 1492 
3 4 5 2 4 4 1 4 5 1 5 
251 470 405 1295 1013 960 329 655 799 1177 1535 117 638 1621 418 611 248 1645 1256 1253 1465 878 1674 1385 1622 90 446 653 1762 73 1606 295 1750 
5 5 4 4 2 5 5 5 5 5 4 2 5 5 5 4 5 5 5 4 5 5 4 5 5 5 5 5 5 4 5 5 5 
239 68 329 41 1307 379 1369 1519 1682 1207 1747 1314 1444 366 582 
5 5 5 5 5 3 5 3 4 5 3 4 2 4 5 
630 117 1783 585 1080 542 1622 1812 1399 994 419 151 627 1589 673 244 1561 856 1719 214 1378 108 572 183 1426 916 1008 1471 484 1533 
4 4 5 3 5 5 5 5 3 4 2 3 5 4 5 5 5 5 5 5 5 5 5 4 5 5 4 5 3 5 
1772 1025 935 1208 127 1731 239 315 966 
5 5 3 3 5 5 5 5 4 
273 
5 
1390 1778 1378 569 41 1228 1101 1078 365 1604 285 199 1148 264 84 1473 664 338 331 244 1336 726 1053 758 1436 212 1622 705 1521 412 1399 765 790 
1 2 3 5 5 5 2 5 5 5 1 5 3 5 5 5 5 5 1 4 1 3 5 5 4 5 5 3 5 5 3 5 4 
1798 334 1478 129 136 760 1256 630 1566 155 1278 506 1475 39 1650 914 966 173 1242 312 808 1228 1172 1003 1648 1564 849 329 1078 1049 1183 317 758 1418 
5 5 4 5 3 5 5 5 5 5 4 5 4 5 5 4 4 5 5 5 5 5 4 5 5 5 5 5 5 5 5 4 5 4 
1266 1164 1672 287 181 1283 621 645 1681 1473 558 987 95 865 1636 339 1381 
5 5 5 5 4 5 5 5 2 5 3 1 1 5 5 2 5 
509 479 836 1178 390 203 1200 400 502 1516 1589 1622 1072 405 324 1648 127 803 
5 5 5 5 5 5 5 5 5 5 5 5 5 5 5 5 5 5 
70 1535 1095 333 1099 1176 1326 1543 258 1398 1200 166 1748 1801 1791 448 1008 1778 962 1226 457 121 375 1475 1606 
5 3 5 3 2 5 5 5 5 4 5 3 5 4 5 5 4 5 3 3 5 3 4 3 3 
1514 1596 593 986 451 477 
5 4 3 5 5 4 
1240 348 1587 58 83 655 329 848 457 644 330 1644 1427 116 1284 96 481 1798 251 156 1746 1778 1812 712 132 1141 509 126 960 1378 1374 
4 4 4 2 4 4 3 3 4 1 2 3 5 4 4 4 3 4 3 5 3 3 4 4 5 5 4 4 1 4 4 
1307 1721 1393 
5 5 5 
654 1156 329 165 1291 1350 1798 1528 550 799 652 1249 834 371 361 752 32 336 932 1240 1177 960 58 661 456 224 400 736 1809 1274 1082 309 1297 1076 1428 128 268 
5 4 5 5 5 5 4 3 5 4 5 5 4 4 3 3 5 4 2 4 4 4 4 5 4 5 2 4 4 4 4 5 5 4 4 3 4 
1730 1439 1642 1325 
4 5 5 5 
1526 493 744 616 395 1019 342 977 1332 865 1202 438 311 1309 532 1683 992 72 96 1447 857 516 285 1691 
5 5 4 5 5 5 5 5 5 3 5 5 5 5 5 5 5 5 5 5 5 5 3 5 
167 1760 129 1631 400 815 1793 877 1793 277 79 1326 1256 1101 
5 5 5 4 5 5 3 5 5 5 5 5 4 3 
295 1549 1160 1718 419 151 1783 1173 143 753 1561 639 331 1183 1309 1078 856 
2 1 4 4 1 4 4 2 1 4 5 4 4 3 3 3 5 
712 1246 688 1253 1238 
5 4 5 5 5 
545 1511 1074 960 1747 114 1521 1748 
5 5 4 5 3 5 1 4 
519 723 171 1321 1622 506 130 1575 632 268 558 1541 1728 1136 1448 1172 1631 752 1555 942 678 100 1742 1777 596 400 
3 4 4 5 5 4 5 4 2 4 4 2 2 3 5 1 4 4 4 2 2 2 3 4 1 4 
699 740 1798 542 196 1807 159 809 758 1631 1584 379 656 1574 1524 892 1228 1742 244 1222 1644 900 1101 1745 1158 183 264 465 676 1049 519 1134 78 
4 5 5 3 5 4 4 5 5 3 5 4 4 5 2 5 2 4 3 4 5 4 2 3 1 4 5 4 4 1 4 2 5 
947 1365 1808 1587 1759 705 108 1777 199 50 333 1096 710 30 566 1682 1161 1647 1631 1316 624 129 41 1576 908 1068 681 916 
4 5 5 3 1 2 3 5 5 5 3 2 4 4 4 4 2 4 3 3 4 4 3 3 2 1 4 4 
1114 1799 861 1732 452 1185 901 1629 555 1735 1297 508 394 1629 373 1621 1637 156 1622 1189 1639 
5 5 5 5 5 5 5 3 5 5 4 5 5 5 5 4 5 5 5 5 3 
772 1175 1766 481 846 415 1690 1315 1738 253 341 275 285 881 96 311 1580 1443 616 47 1404 1371 1249 1619 713 1207 1526 1308 956 
3 4 5 5 5 5 4 5 5 3 4 5 5 5 5 5 5 5 5 5 5 5 5 5 5 5 5 5 4 
408 558 820 365 1256 1739 130 1184 699 767 567 1704 1779 505 506 212 1476 1078 165 102 665 1783 366 293 994 705 837 199 1632 1584 1808 1716 1660 1277 1209 1252 1509 
5 5 4 4 5 4 5 5 4 5 5 4 5 4 5 5 5 4 5 5 5 5 5 5 5 4 3 5 4 5 5 4 5 4 4 5 4 
432 1610 1184 1237 1812 167 
5 5 5 5 5 5 
552 1577 457 1519 308 46 1103 1473 400 1625 1348 
5 5 5 5 5 5 5 5 5 5 4 
412 454 845 1560 
5 5 4 3 
447 272 1251 1084 116 1654 1226 396 1305 117 1782 264 1502 1799 923 1236 1316 113 
5 2 5 5 4 5 5 5 5 5 5 5 5 2 5 3 5 5 
1184 151 1316 519 1228 758 294 1177 1160 456 223 841 174 1104 1433 1095 1386 1475 660 1650 110 1564 1718 708 487 1228 1172 365 810 664 1783 1465 1646 1242 1078 100 1031 
4 3 5 5 4 4 3 5 4 4 5 4 5 2 5 5 2 4 4 4 4 4 5 5 5 3 3 4 4 4 5 4 3 4 4 4 5 
1085 1778 153 326 905 1283 700 108 1217 1031 836 603 59 1037 1342 1083 412 134 939 
5 5 5 5 5 5 5 5 5 5 5 5 5 5 5 5 5 5 4 
506 1465 1742 1596 1769 987 388 1313 1154 13 41 687 717 477 480 1489 400 487 1051 1373 856 1561 1283 1644 1084 
3 5 1 5 5 2 3 3 5 4 5 3 5 5 5 5 3 4 1 5 5 5 5 2 4 
306 1761 1266 1314 505 1551 502 585 
5 5 5 5 5 5 5 5 
724 1444 830 606 173 577 1737 376 1581 502 988 390 1011 582 1033 547 912 
1 5 5 5 4 5 4 3 3 4 5 5 4 5 4 4 5 
269 1155 356 1704 338 1099 405 795 1781 1644 1399 487 1532 1168 1149 1587 373 506 624 519 1406 261 676 1650 760 1535 365 961 117 1735 1255 750 1739 1482 
4 4 3 3 3 4 2 4 4 4 4 4 3 4 4 4 4 4 3 4 3 5 4 4 4 4 4 4 4 4 5 4 4 3 
1210 58 813 277 1718 946 1150 1800 
3 4 5 5 4 3 5 4 
1534 388 1800 1040 1598 278 545 1596 968 760 15 409 1519 1702 
5 5 5 5 5 5 4 5 1 5 5 5 5 5 
371 1803 224 90 1156 664 1621 1111 1798 1383 799 838 222 122 1783 330 638 1177 1309 1493 1465 627 1622 1678 489 847 391 487 1574 329 251 960 782 1334 
4 1 3 1 5 3 3 4 5 5 5 4 3 4 4 5 5 5 5 5 2 5 4 3 5 4 2 5 5 4 5 3 4 5 
587 275 70 1626 1783 1286 129 487 1358 295 1742 1769 63 1495 1217 151 168 396 1750 388 763 1300 1184 429 1015 932 997 361 704 1242 837 1240 440 
5 4 4 2 5 4 5 4 4 5 1 5 5 5 5 5 5 5 4 2 1 5 5 5 5 5 2 5 5 4 4 1 5 
606 1798 1755 190 509 37 58 810 555 277 41 1057 1367 106 1172 1242 1722 148 836 234 1001 331 390 1111 365 244 408 1780 
5 2 2 4 3 3 1 3 5 5 1 2 2 3 3 3 3 5 5 4 3 2 3 5 4 4 2 3 
1647 1802 638 400 718 960 1622 1183 1518 793 699 319 851 184 1240 1277 506 1086 214 1557 1426 244 1574 1209 
5 5 4 5 5 5 5 3 4 5 1 4 5 5 5 4 5 4 4 5 3 4 4 4 
895 1161 1050 579 1316 558 264 110 1399 570 151 825 1715 329 1369 1589 1364 823 134 1742 924 1786 630 767 1101 1207 44 1209 82 916 1256 1176 1143 1475 553 
4 5 5 4 3 5 5 4 4 4 3 5 4 4 4 5 5 4 5 4 3 5 5 4 4 5 5 4 4 5 5 5 5 4 4 
909 1419 
4 4 
1519 92 1716 960 1510 187 109 1041 441 95 
5 5 5 5 3 5 5 3 5 4 
1233 54 365 1785 1589 1759 545 1251 1634 1033 452 876 1379 919 137 1108 
4 5 4 5 4 5 4 3 5 5 5 2 5 1 3 5 
559 842 1479 1474 899 1635 668 576 1331 
3 2 4 5 3 3 4 3 5 
179 1472 1642 1750 1477 1222 1219 583 1033 871 1732 481 118 1650 280 1646 1762 
5 4 5 3 5 3 5 5 5 5 5 4 5 5 5 5 4 
1151 1143 1099 413 1526 688 859 1756 1454 273 896 909 
5 2 5 5 2 2 5 5 3 5 5 5 
723 193 1535 292 1249 762 1477 640 922 1805 1095 412 569 1160 936 1380 174 1275 201 
4 5 4 3 3 5 3 3 5 5 4 4 5 2 4 3 1 3 1 
1222 1219 1264 294 1592 1435 721 425 1675 1660 39 896 682 904 1749 181 
5 5 4 5 5 5 2 2 3 5 5 5 2 4 5 5 
970 656 328 329 468 198 1158 1390 96 596 331 1652 1584 163 1033 1369 487 247 1575 1281 222 1134 1103 1524 653 52 1780 837 
5 3 5 5 3 3 4 5 5 1 5 5 5 5 3 5 5 5 5 3 5 4 5 4 5 5 2 4 
750 243 1135 220 108 1107 960 365 1575 1161 1786 895 1699 71 596 1087 118 632 1778 141 1771 1801 1033 457 705 892 1375 1161 339 44 93 
4 3 3 4 5 4 3 1 5 4 5 3 3 3 5 4 3 4 3 3 5 3 5 4 4 5 1 1 2 3 4 
336 758 1117 270 266 248 799 596 365 52 1475 1316 1745 570 1584 632 1078 1068 285 760 893 1175 1477 1228 1018 1339 1256 1807 1492 665 158 1309 508 
4 2 4 4 3 3 5 1 4 5 3 4 4 5 5 4 5 3 4 4 3 4 5 4 3 5 4 3 4 4 4 5 4 
1622 652 1518 1253 116 1737 1622 1660 487 1596 704 1161 1798 1563 1469 738 1535 156 1256 331 892 790 799 1124 1190 933 567 1177 1775 171 611 
5 5 4 5 5 5 2 4 5 4 2 5 5 5 5 5 5 5 5 4 4 5 5 5 5 2 4 5 4 5 5 
1208 339 185 1396 750 566 1419 190 749 
4 5 5 4 4 4 5 4 5 
526 1668 506 128 46 789 808 1266 1568 
5 5 5 5 5 5 4 5 5 
238 315 1798 964 1528 1191 800 1104 339 112 1477 329 1075 264 1626 1018 1678 1621 1177 1172 1184 988 1809 275 182 624 1115 1373 1769 791 90 573 1050 
5 4 4 5 5 3 5 5 1 3 5 4 3 4 2 4 4 5 5 5 4 4 1 1 4 1 2 5 5 3 5 5 5 
227 211 1566 1783 1771 447 108 1031 45 834 1629 831 498 1187 1272 1528 573 1710 1275 1118 574 222 1134 328 721 1709 1631 94 1668 1003 1524 
5 5 5 5 4 5 4 4 2 5 5 2 5 4 4 5 5 5 4 4 5 5 4 4 5 4 5 5 4 4 5 
607 1591 847 339 1143 173 363 1543 793 95 908 909 1799 
5 5 5 4 5 5 5 5 5 5 4 3 5 
908 1465 758 90 1622 324 1160 1101 634 1327 1684 456 112 1404 1565 1215 193 1252 762 780 1606 1518 258 1551 199 726 1652 308 264 1666 522 45 318 1750 
5 5 5 5 5 5 5 5 5 5 5 5 5 5 4 4 5 5 5 5 5 5 4 5 5 5 4 5 5 5 5 3 4 5 
1767 1244 923 1260 1242 1691 1639 267 1305 
2 3 5 5 5 1 5 4 2 
171 1803 1448 1206 1025 839 1541 1808 733 753 1468 662 1622 936 363 1511 736 820 179 1645 638 752 750 1361 671 834 804 1500 489 
4 2 5 3 5 5 4 5 5 5 5 5 5 2 5 5 4 4 5 5 3 5 5 4 5 4 5 5 5 
1561 185 519 1596 762 914 1286 1667 39 1762 1719 1728 1207 1168 318 506 1161 1631 960 821 1746 1049 908 1563 156 798 294 610 1574 400 
5 5 5 5 1 5 1 5 5 5 5 2 4 5 4 1 5 5 4 4 4 3 5 2 5 4 1 2 5 5 
967 1358 1164 413 432 909 837 97 290 1573 716 17 688 1773 
5 4 5 5 5 5 1 4 5 5 4 3 5 5 
1309 1735 932 1240 90 664 506 1679 112 561 83 1784 1606 148 6 294 1228 365 158 1149 1650 1622 718 1025 679 152 1652 1591 573 1295 1716 
5 4 2 4 5 5 3 5 5 3 5 5 4 3 5 5 5 4 3 5 5 5 3 3 3 3 3 3 5 4 3 
744 1051 640 1635 1621 294 1783 261 455 
5 4 5 1 1 1 1 1 2 
398 1493 1325 1737 1596 1644 481 333 708 404 1162 1375 1022 1367 1812 593 488 37 166 220 1172 448 
4 5 4 4 3 3 4 4 4 4 5 4 4 3 5 4 4 3 3 4 4 5 
1629 201 789 535 500 1527 441 
5 5 5 2 3 4 5 
645 1596 103 1514 1681 547 1812 33 292 927 1716 
5 5 5 5 5 2 5 5 5 5 4 
1184 1549 1189 1312 1489 854 657 460 1784 1316 310 1716 1242 1134 267 1631 158 1207 1745 1228 1160 1087 117 261 30 516 365 673 379 505 1660 1541 758 
5 5 2 5 5 5 5 5 4 2 5 2 2 4 5 4 4 2 2 4 2 5 5 5 5 5 5 5 4 3 5 4 2 
528 1543 570 1384 
5 2 5 5 
1666 602 1808 727 1025 1492 1001 752 1541 158 408 1650 1264 553 126 41 1361 58 431 682 805 1798 1367 295 330 329 1291 400 54 171 1206 481 365 122 574 
3 2 5 2 5 4 4 3 3 5 5 4 5 4 3 3 4 2 2 4 4 4 4 4 4 4 4 4 5 5 5 2 4 3 4 
418 1495 122 1385 1236 126 1376 1001 550 1278 831 1025 23 90 251 295 1674 1798 44 987 171 509 1465 1603 1295 1477 330 1361 676 
5 4 4 5 3 4 5 4 5 2 4 5 4 5 3 5 5 4 3 4 4 5 4 5 5 3 5 5 4 
960 1517 892 1667 473 1285 112 764 786 1596 654 134 619 1333 129 1591 158 244 1528 607 391 657 
5 5 5 1 5 5 5 5 5 5 4 4 4 5 2 5 3 5 5 4 4 1 
1622 163 174 1299 558 1624 1783 985 116 63 696 1629 1086 1343 365 100 333 1784 328 620 1433 1631 1769 519 1114 1373 487 837 790 
5 4 3 4 4 5 5 4 5 3 4 2 4 3 3 4 1 5 4 4 5 2 2 3 5 3 4 3 4 
912 1408 1526 956 1580 824 246 1740 1560 846 196 1175 412 605 1315 1601 469 
5 4 4 5 4 5 5 5 5 5 5 4 5 5 5 4 5 
1266 148 922 33 1514 1733 1717 1386 1502 1316 1454 324 292 
5 5 5 5 5 5 5 5 5 5 5 5 5 
1266 845 1025 775 23 271 
5 5 5 5 5 5 
1515 1012 1096 1448 1625 962 934 173 170 50 1433 793 621 1543 
4 2 1 5 4 5 3 1 2 5 5 4 5 5 
1184 269 1631 1278 817 652 1789 100 76 1742 52 632 1807 1369 1606 1172 295 1221 916 579 396 1134 413 181 738 1340 58 1418 
5 5 2 2 4 4 5 4 4 2 4 3 2 4 3 3 4 5 5 4 3 5 4 2 3 3 5 5 
784 1374 1050 286 1228 1716 1208 823 1242 760 1172 1271 1184 365 808 1667 1371 388 1771 1207 632 859 718 758 699 1176 78 1018 1709 825 1564 1115 1228 
4 4 4 3 4 3 4 3 5 5 3 5 4 4 5 5 4 2 4 3 2 4 5 4 2 3 4 2 5 3 2 3 5 
398 1158 315 13 486 
2 4 3 5 5 
958 74 92 88 1434 770 1673 90 630 1206 1631 1229 1798 692 1663 
4 5 5 5 5 5 5 5 3 1 5 5 5 5 5 
1240 1764 1561 1565 183 434 645 1488 874 159 1380 856 964 1399 632 431 1648 1152 1631 979 214 487 1404 692 1264 379 656 831 1600 1171 
5 5 5 4 5 3 4 3 4 3 3 4 4 5 2 3 3 4 4 3 4 5 4 5 3 4 3 3 5 5 
1789 569 1240 509 1561 1300 1428 1809 1435 1805 1622 16 1312 84 1465 166 158 733 1477 455 29 1532 268 1448 13 1771 1026 763 63 
5 5 4 4 5 4 4 4 5 5 5 5 2 4 5 3 5 5 4 4 4 5 5 5 5 4 5 4 4 
1769 1336 821 166 487 506 1787 1222 1406 1551 680 1054 1644 245 987 1099 1050 
5 4 5 4 5 4 5 5 5 5 4 4 4 4 2 4 5 
718 1551 1590 805 1447 1204 54 771 859 750 1280 446 1789 170 321 711 151 1473 810 821 639 408 
4 5 5 5 5 5 5 4 5 5 5 5 4 4 4 5 4 5 4 5 4 5 
1442 1810 477 1364 293 921 
4 5 3 5 5 2 
1365 1051 447 552 688 523 1092 514 274 1189 1681 811 214 908 1762 378 1396 871 
5 5 1 1 5 4 1 5 4 4 5 4 5 4 3 4 5 5 
1099 307 1473 1418 479 847 1733 710 1000 1709 1511 
5 5 5 5 5 5 5 5 5 5 5 
746 452 348 971 247 1465 1226 132 413 1777 179 573 330 211 1743 112 1587 617 1053 1575 83 506 553 1535 1495 763 1622 1728 1792 
5 5 3 5 5 3 5 5 3 5 4 4 5 4 4 4 4 3 4 4 5 5 4 5 4 3 5 4 5 
1779 1183 758 110 487 365 519 1492 1475 1771 1515 457 810 856 312 1299 1541 1561 1122 1784 712 1155 434 
5 3 4 4 5 4 4 4 3 5 5 4 4 3 4 5 5 4 5 3 5 4 4 
335 321 456 165 839 606 1722 654 733 804 550 893 1511 593 1778 1709 712 1606 222 591 334 182 
1 5 3 4 4 4 1 1 4 5 4 4 5 2 2 2 1 2 1 3 5 5 
904 44 569 400 790 570 657 1667 1155 398 1352 326 630 1242 1471 642 966 1622 1596 1532 1184 73 1207 1589 158 
5 2 5 3 5 5 2 4 5 5 5 5 5 3 5 2 5 5 5 5 5 5 4 5 5 
491 404 929 1728 356 1171 799 1191 1564 886 791 763 375 1156 379 632 365 1769 1622 181 542 775 1207 519 1631 141 1491 1172 701 
4 4 4 4 2 5 5 5 3 3 5 4 4 2 2 4 5 4 4 3 3 5 5 4 5 2 1 2 4 
519 1535 1784 645 1427 1707 132 656 222 905 1591 1584 1350 749 1418 815 767 1798 1427 1477 681 1495 16 932 1168 971 1622 196 280 1596 1533 
3 3 5 5 5 5 5 4 3 3 4 5 5 5 5 5 1 4 5 3 3 3 3 3 5 5 5 4 4 5 3 
1307 423 1488 621 1536 
5 5 5 5 4 
519 841 509 455 1631 1476 336 1249 6 181 1242 1184 295 1805 1406 1606 1622 71 1189 1622 1808 553 1674 696 505 398 117 718 921 1610 83 1448 1769 
4 5 5 5 5 3 3 4 4 5 3 5 5 4 5 4 4 4 5 4 4 4 4 3 1 5 4 2 4 4 5 4 3 
76 371 1535 376 1124 236 1339 856 1448 716 1553 1445 1095 1161 129 244 505 841 920 654 1777 
5 3 2 5 4 5 5 5 5 5 4 5 5 5 5 4 1 4 5 5 5 
873 904 1541 1668 1029 1149 1509 839 553 596 148 763 1622 1732 1049 356 299 849 1184 1275 1413 572 1134 268 1674 405 1001 509 306 1465 1214 627 
2 2 4 3 3 4 2 3 4 2 3 3 5 3 4 4 4 4 3 4 4 4 2 4 3 4 5 3 3 3 4 5 
1367 1418 173 58 365 700 506 192 619 325 271 1789 151 1745 1184 129 585 374 671 579 1769 716 41 758 664 936 1547 1041 457 
3 4 5 3 3 3 4 5 5 4 5 5 2 4 2 5 4 3 4 4 4 2 4 3 4 4 4 5 4 
1716 1767 262 17 224 854 1260 1591 1511 
4 5 5 4 5 4 3 3 5 
606 933 1291 1101 1325 487 1716 238 294 1075 1339 506 468 160 1737 960 171 815 77 356 1604 1182 1541 1436 484 1264 723 1173 1798 914 1631 100 
5 4 4 1 4 5 3 3 5 3 5 4 4 5 3 4 4 4 5 3 3 4 3 3 2 5 4 4 5 4 4 3 
1370 808 1089 464 28 73 1780 740 699 720 166 1575 1101 
5 5 4 3 3 5 4 5 1 4 5 4 1 
1458 369 668 82 442 457 446 92 835 401 1237 886 
4 4 3 5 3 5 5 5 3 5 5 2 
644 509 1681 171 1742 1694 1742 602 1644 558 611 1477 1018 1354 1674 1524 1376 1491 408 1172 1295 1789 126 339 336 1325 1622 106 221 90 1206 1249 
2 5 4 4 4 4 2 3 5 3 4 5 3 5 5 4 4 2 5 5 3 4 4 2 4 3 5 5 4 4 4 4 
1331 1323 480 1406 353 355 1009 1627 79 
5 5 5 5 5 5 5 4 5 
117 1335 167 330 1521 844 
4 4 2 1 2 4 
1388 523 454 440 
5 5 5 5 
429 1405 510 699 159 451 1015 1078 1406 654 1168 46 1165 854 398 790 1693 566 93 570 447 457 
5 5 5 2 5 3 4 5 4 5 5 5 5 4 4 5 2 3 5 3 4 4 
97 639 1764 1143 1266 861 486 1533 946 373 1189 935 
5 5 5 5 3 2 2 4 4 4 3 4 
151 1807 1536 28 924 29 1644 1155 181 143 1576 339 810 1492 473 1033 335 738 1340 1742 921 434 419 244 1768 680 1254 1667 1622 295 82 182 
3 4 2 5 4 2 5 4 4 5 4 2 5 5 2 3 3 4 5 4 4 5 5 4 4 4 2 4 5 4 4 5 
519 309 1242 1555 148 839 1295 83 365 1631 286 96 378 837 1807 652 738 1477 1779 1226 1622 166 1560 1191 1745 1184 171 758 1207 97 1783 79 1256 905 
2 4 5 5 4 3 4 5 5 4 3 4 5 3 4 4 4 4 5 4 4 3 5 3 4 4 4 4 3 5 3 4 5 4 
506 204 130 1074 328 820 1321 1301 871 1644 418 1667 1466 716 692 1043 1596 1013 481 1184 550 1026 1101 1078 259 106 1477 126 
2 3 4 5 3 2 5 4 3 1 4 1 3 4 4 5 4 1 1 3 3 3 1 4 3 3 3 4 
1042 1769 267 1452 1286 412 1632 331 947 1173 1160 158 1275 1231 148 1691 708 1185 1665 1783 740 
4 3 4 4 3 5 3 3 4 4 4 2 3 4 4 4 4 4 3 3 4 
195 159 681 141 94 1051 227 334 17 127 50 992 835 1138 
5 2 5 5 5 5 5 5 5 5 5 5 5 5 
1065 1369 1440 865 236 1715 
4 4 4 4 5 2 
700 1650 1678 1740 928 1406 553 1181 1333 
4 5 5 5 5 5 5 5 5 
328 1087 1647 817 1650 652 457 1325 371 108 1517 1592 1033 159 1242 1183 1176 718 1339 569 1372 1042 1252 1769 1539 1236 782 
4 5 5 5 4 4 5 4 5 4 4 5 5 4 4 4 4 3 4 5 5 4 5 5 2 4 4 
374 1277 171 1343 413 1762 58 916 485 901 1031 550 1561 654 524 775 1284 711 1722 6 
4 4 3 4 5 4 2 3 5 4 5 4 5 4 3 5 5 5 2 5 
106 1466 509 1000 655 1509 878 837 89 1354 112 1606 1808 891 418 90 222 638 1297 1295 1206 1674 126 167 116 329 109 356 519 1798 1152 
4 5 3 1 5 5 5 2 4 5 5 3 5 5 3 5 4 5 5 5 5 5 5 3 4 4 3 2 5 4 5 
919 1736 1639 321 524 1031 451 1144 1589 59 776 1418 713 1535 
1 1 5 4 1 3 4 4 5 5 4 3 1 4 
763 1679 1049 1643 862 399 
4 5 4 5 4 5 
699 468 519 1524 1264 1207 141 1481 654 109 632 1313 93 365 760 790 52 220 220 224 1380 1148 1647 1378 1610 1622 1644 
5 5 3 5 5 5 5 5 5 4 5 5 5 4 5 5 2 5 5 5 4 4 2 5 5 4 5 
264 726 496 501 1252 44 632 1316 856 1185 1610 329 823 1272 1390 1161 1089 193 1209 1771 73 1068 1183 1475 1228 1370 1340 1078 1666 1650 295 
5 5 5 3 5 4 3 4 1 5 4 5 5 5 4 5 5 4 3 5 3 5 5 3 3 3 3 5 5 5 4 
1208 253 1191 1031 890 127 1646 1675 708 1602 1155 1251 
5 5 1 5 3 4 1 3 4 4 3 3 
1584 1589 1653 501 456 603 79 547 630 97 113 1038 962 400 1321 272 1604 
3 5 5 2 5 5 4 4 3 4 4 4 3 5 4 5 4 
493 1426 1634 924 294 1018 1001 1778 849 786 308 758 109 899 1184 264 893 474 85 1385 374 841 1625 567 151 
4 4 4 3 4 2 5 5 5 5 4 2 3 3 4 4 3 4 4 4 4 3 2 4 5 
1421 613 1642 727 1350 23 506 30 247 735 1099 1627 236 77 799 1675 612 1558 
1 5 4 5 5 5 4 5 5 4 3 4 4 4 3 5 4 5 
1536 152 632 39 880 471 680 1248 38 558 1422 70 655 823 408 1343 151 903 634 
3 4 2 5 5 5 4 4 1 4 5 4 5 4 5 5 5 5 4 
141 1573 678 108 1613 1783 704 1596 264 1333 1240 1471 1704 1008 391 379 398 1256 1316 1386 790 1031 1575 339 166 
2 4 4 3 5 1 1 4 4 5 2 3 5 5 3 1 3 2 4 1 3 4 1 1 1 
970 32 1154 558 1136 258 252 400 1015 1622 1492 960 336 1095 294 1252 925 1798 1793 624 1299 166 1038 574 1405 1745 1295 487 508 847 1783 
5 4 4 4 4 3 5 5 5 4 4 3 5 4 4 4 2 5 4 5 5 4 5 3 4 3 5 4 4 3 4 
1663 264 1789 680 1083 30 1172 1575 1242 724 1168 299 365 85 1134 44 166 655 1622 1456 1385 
5 5 5 5 5 5 5 4 3 2 5 5 5 5 1 5 4 5 5 5 5 
400 1206 1418 333 621 168 1134 101 1133 506 19 679 22 156 129 1327 100 790 1704 985 408 261 1325 1574 519 
4 5 4 5 5 5 4 4 5 3 1 5 1 5 5 5 5 2 4 1 5 5 4 5 4 
1231 519 1453 1108 673 749 151 704 1684 1802 108 632 129 606 820 174 841 183 767 1054 800 1762 1160 1666 247 1730 477 1083 1215 
3 4 2 4 4 4 4 2 5 4 2 1 4 3 3 5 5 5 4 4 4 3 1 2 4 4 3 2 3 
50 1208 1519 1325 1668 968 1358 1718 1422 
5 5 5 5 5 5 5 5 5 
1487 442 287 1751 966 964 93 942 236 
2 5 1 5 4 5 5 4 5 
592 1625 295 1155 1078 1176 118 1404 971 810 1183 1650 1771 1050 151 1475 243 1385 365 1207 900 312 841 508 596 457 158 434 492 70 286 110 
4 4 5 4 5 5 4 4 5 5 5 5 5 4 4 5 4 5 5 5 4 5 5 4 3 5 5 5 5 5 5 5 
847 1062 745 148 827 1761 1413 735 1535 
2 5 5 4 4 5 1 4 5 
758 579 58 1515 1176 312 1406 1183 1068 230 981 110 1745 1771 1532 28 317 434 506 834 810 681 1155 841 90 617 456 286 1606 
3 5 5 3 2 4 1 2 5 5 5 5 1 5 5 5 5 2 3 5 3 1 2 5 5 4 5 2 2 
632 645 519 1015 875 1382 1436 1644 936 1104 673 567 834 656 1743 1399 664 630 365 22 1120 244 41 198 1561 487 1256 1779 76 259 1808 752 
4 4 4 5 4 4 3 4 4 4 4 4 5 4 5 4 4 4 4 4 5 4 4 4 5 4 4 4 4 3 5 4 
308 668 628 1163 1638 700 56 599 525 1421 1310 1062 1184 137 357 533 1392 151 229 
5 3 2 4 4 4 4 1 4 3 5 3 4 5 5 5 4 3 4 
947 1626 758 1373 786 1087 599 836 1589 1413 152 1424 1448 1103 221 1318 871 799 1156 90 224 1295 
5 5 5 5 5 5 5 5 5 4 5 5 5 5 4 5 5 5 5 5 4 5 
1604 773 1333 1706 207 1407 808 1236 582 271 1175 837 830 400 533 
5 3 5 5 5 5 5 5 5 5 5 5 5 5 4 
1646 1152 484 434 1650 1026 1742 798 126 1456 361 1413 394 52 893 129 1462 13 455 758 602 1184 89 509 118 1475 1078 841 1242 1745 457 823 1517 
4 4 3 5 5 4 4 5 5 4 5 4 5 4 5 4 5 5 3 4 4 5 5 5 5 4 5 5 4 5 5 3 5 
1563 602 1798 1361 970 1076 624 1405 204 985 336 1539 1376 1589 671 309 1453 606 1517 519 124 1040 975 1769 610 1026 102 434 1274 1025 834 378 
4 2 3 3 4 2 3 4 5 3 2 4 4 5 5 4 4 3 4 5 4 4 3 4 2 4 3 3 4 4 3 5 
76 810 798 848 386 1790 1406 736 1228 1536 236 1184 158 838 1242 1206 1078 921 1631 1694 156 96 134 1667 1025 414 245 400 1428 489 1249 171 1478 
4 3 5 4 4 1 5 2 4 5 5 5 5 5 4 3 5 5 2 2 4 5 3 4 4 4 4 5 4 5 2 3 5 
1202 1436 645 414 419 1399 22 1390 30 214 1405 525 28 1252 1148 1155 1066 409 908 1471 767 129 1312 266 1228 488 
3 3 5 3 3 4 2 2 3 4 4 4 4 3 4 3 5 4 4 2 3 4 2 3 3 4 
121 1009 307 1351 355 1519 1078 
2 5 5 2 3 2 5 
1629 966 203 261 947 697 1573 1514 156 506 84 400 925 988 179 1163 735 
5 5 5 5 5 5 5 5 5 3 5 5 5 5 5 5 5 
309 550 1051 915 1242 41 981 1594 619 746 1411 1295 974 1475 365 1184 1210 784 1555 90 28 391 1591 760 1650 1340 1716 1155 1143 83 1771 264 1732 
5 4 5 4 3 5 4 5 5 3 4 5 4 4 4 3 5 5 5 5 4 5 5 4 4 5 2 4 4 5 4 4 4 
341 415 1683 1721 395 750 195 1309 311 936 114 1190 857 434 1308 991 977 1473 1443 1404 881 1507 649 1286 1019 288 1580 893 1601 865 96 
5 5 5 5 5 5 5 5 5 5 5 5 5 5 5 5 5 5 5 5 5 5 5 5 5 5 5 5 5 5 5 
328 710 1716 312 856 1524 1176 100 1631 286 1807 810 1600 109 1160 1635 1309 1286 1168 413 394 398 457 1260 1183 981 331 193 585 
3 5 3 4 5 5 4 5 5 3 4 4 5 5 3 4 4 3 4 1 4 3 4 5 4 4 4 5 4 
800 1491 1721 390 534 1627 1622 1468 637 1473 334 191 
5 4 5 5 5 5 5 4 5 5 5 5 
654 1161 738 908 23 558 1778 1162 498 128 361 871 644 408 1297 229 1468 1029 1743 325 1783 1694 356 1596 1281 413 348 1547 887 32 188 1341 
3 3 4 5 4 3 4 3 4 3 3 4 3 5 4 4 4 5 5 4 2 3 3 5 5 2 4 4 5 5 3 3 
487 96 1025 612 1405 705 1622 1809 400 1252 379 1175 1367 1743 782 505 1108 158 1141 1222 1156 1185 1038 1215 388 932 1162 113 1465 326 1768 183 58 108 
3 4 3 4 4 2 4 3 4 4 4 4 3 4 4 4 4 4 5 4 4 4 4 4 3 3 4 3 4 4 2 5 3 3 
958 842 514 906 1643 308 1401 1384 79 1690 321 128 28 303 109 1749 
5 5 5 3 4 5 4 3 5 5 2 5 4 5 5 3 
399 500 935 763 314 
1 5 4 2 3 
930 315 114 1810 602 1636 1411 807 1718 
5 3 5 5 5 5 5 3 5 
262 1122 856 353 1586 294 1747 306 1065 1358 1316 574 57 1189 321 1305 
5 4 5 4 5 5 3 4 4 5 5 4 5 5 4 5 
153 1308 1730 716 290 1012 466 1310 1372 834 315 1057 
5 5 5 3 5 5 5 4 5 3 4 3 
934 1158 1436 222 1707 
1 5 5 5 5 
70 59 946 223 1388 
5 5 5 1 5 
596 1719 179 1622 1631 28 782 1783 974 878 570 1242 893 167 96 1160 572 1156 784 243 1621 1327 270 1025 1535 1798 1709 1177 294 811 1718 455 1478 1228 664 1575 
5 5 5 5 4 5 3 5 5 5 5 5 5 5 5 5 4 5 5 4 5 5 3 4 4 5 5 5 5 5 3 5 5 3 5 3 
716 1709 619 1371 97 1761 644 379 1586 521 1013 1748 1619 
5 5 5 5 4 4 5 5 5 5 5 5 5 
1313 220 505 928 440 506 1297 1721 1767 151 1783 1771 1436 1160 705 90 487 519 1622 1587 408 985 1471 82 871 1295 1087 988 391 784 1709 
2 1 1 5 5 4 4 5 5 4 4 5 4 4 3 5 5 5 5 5 5 5 5 1 4 5 4 2 5 5 3 
50 770 1047 487 735 294 1040 1189 1015 1231 585 718 934 1092 1650 656 258 1358 1682 883 165 1286 1316 
5 5 5 5 5 3 5 5 5 5 5 5 5 4 5 5 4 5 4 5 5 5 5 
585 946 409 1089 1086 1565 419 181 758 968 70 268 1596 295 1108 1575 738 151 1666 
4 5 5 5 3 3 3 5 5 4 4 5 5 5 2 5 5 5 3 
108 1280 1299 1202 193 39 258 1253 880 558 400 946 493 1122 1229 52 1694 
5 5 5 5 2 4 4 2 5 4 5 5 4 5 5 5 4 
400 59 1161 1217 441 1709 273 391 701 39 558 1435 28 398 1427 1729 1162 295 922 77 
5 4 4 5 5 3 5 4 5 4 4 3 4 4 4 5 5 5 5 5 
1456 880 1642 326 53 1481 39 334 1796 445 1707 451 692 1783 657 664 
4 5 4 4 4 5 5 4 4 5 5 5 5 3 4 4 
365 152 1326 1017 9 844 229 1681 164 
5 5 5 5 5 5 5 5 5 
630 1566 488 1470 294 1015 1291 1183 465 1003 294 349 1299 400 975 1427 1771 728 1759 1041 1541 721 1433 818 1065 1117 1187 318 640 
5 5 5 5 5 5 5 5 5 4 5 5 5 5 5 5 5 4 4 5 5 4 5 4 5 5 5 5 5 
1399 1574 1535 916 199 331 947 96 567 294 1299 199 356 1300 710 227 960 37 116 1155 411 211 1759 456 994 94 664 19 1108 749 487 1114 1622 
5 5 5 5 5 5 5 5 5 5 5 5 5 5 5 5 5 3 5 5 5 5 5 5 5 2 5 5 5 4 5 5 5 
1669 23 1085 1043 619 1760 49 409 1516 1425 1653 1793 1202 519 1769 174 1259 
4 4 5 5 1 5 5 5 4 3 5 5 4 4 1 5 5 
411 1333 985 634 561 1184 1015 1783 1248 1716 1050 28 656 642 1565 365 1101 487 1471 129 970 1799 1406 1160 1563 1099 388 1778 
5 5 4 5 4 5 5 4 5 3 5 5 4 2 3 3 5 5 4 4 5 5 5 3 4 2 3 4 
1374 653 1008 491 1539 1274 1794 519 964 365 487 1524 892 763 1789 1622 338 1541 396 452 1791 1427 453 1352 97 1134 1477 293 489 1242 1111 
5 5 2 4 5 3 5 4 3 5 4 4 4 4 5 4 5 5 4 5 4 3 3 5 4 4 4 5 5 5 4 
1488 614 50 1564 1321 890 1422 1234 1300 
2 2 5 5 5 3 5 5 3 
440 116 762 1361 124 252 371 1300 567 1622 1778 456 1557 299 632 1535 627 712 1339 1117 179 165 1794 1376 1746 491 
4 4 4 4 4 4 4 5 4 3 4 5 5 5 5 5 4 5 5 4 5 5 4 4 5 3 
1668 
5 
1666 96 391 746 1575 1808 1660 1348 1104 1141 724 409 660 1400 892 1469 849 1074 1042 1086 1790 834 687 1777 193 1632 440 712 927 
4 5 3 4 5 5 5 5 4 5 5 5 2 4 3 5 5 4 3 3 5 3 5 4 4 3 5 5 5 
451 492 1675 823 191 675 614 798 1778 109 873 1803 558 501 542 1492 947 
5 5 5 3 5 4 3 4 4 3 4 5 5 3 4 5 5 
1096 1256 1769 36 1177 294 596 243 158 166 259 306 82 1687 1309 152 464 1399 336 1087 811 1283 506 1674 799 39 891 1082 126 1143 566 508 569 
4 5 4 4 4 5 4 3 2 3 4 4 4 5 2 5 2 3 5 5 5 4 4 2 5 3 2 4 2 5 5 5 4 
264 1366 880 1299 388 986 23 526 545 982 1151 1534 1672 1370 1643 1242 1731 477 1030 626 
5 4 5 5 5 4 5 5 5 5 5 5 5 5 5 4 5 5 5 5 
229 1143 1742 966 786 38 1602 1790 1622 1433 349 245 808 721 1798 141 1709 1604 212 487 1298 558 1675 1015 1375 
4 5 5 5 5 5 5 4 5 5 5 3 4 4 5 5 5 5 5 5 5 4 2 4 2 
1068 455 1394 961 82 130 1073 334 1033 1324 
4 3 3 4 4 4 4 5 5 2 
1154 1558 160 295 1527 
3 3 5 3 5 
1511 770 509 1799 1782 477 1652 592 1370 1589 534 662 1171 376 400 1489 899 800 1602 1292 1604 984 
5 5 5 5 4 5 5 5 2 5 5 5 5 5 5 5 5 5 5 5 5 5 
163 758 1646 617 431 102 1176 365 653 152 912 156 810 1798 579 1489 924 873 1632 434 875 1101 1099 222 1264 136 487 947 570 1197 227 
4 2 5 3 5 5 4 5 5 3 5 5 4 5 4 5 4 5 4 3 5 4 4 4 5 4 4 5 3 5 3 
1465 1111 1026 85 1264 230 248 1798 1511 1334 456 158 763 398 752 650 1283 763 1477 849 294 251 1297 1805 441 1650 553 753 
4 5 3 5 5 5 3 5 5 5 4 5 5 5 5 5 5 5 4 5 5 4 5 4 5 5 5 5 
1150 651 436 1725 1596 77 246 614 1246 
5 1 5 5 5 5 5 5 5 
873 1624 591 1503 1271 
5 5 5 5 5 
393 1767 1621 701 1392 1065 1643 453 1717 
5 5 5 5 5 5 5 5 5 
878 712 799 849 1536 939 1031 1629 1621 599 708 657 960 447 1272 1161 1309 1529 1156 1727 599 1216 244 151 1298 1665 652 1631 309 
4 5 5 4 3 4 5 5 5 5 4 3 5 4 5 4 4 5 5 5 5 2 4 5 4 3 4 4 5 
79 114 1748 573 1340 319 1727 697 644 1371 716 448 1772 96 1260 353 
3 3 5 5 3 4 5 5 4 5 5 5 4 5 4 4 
251 642 1236 664 70 1769 1489 396 1206 780 452 408 1745 906 1287 1148 765 487 1053 1591 1771 933 293 1622 
5 4 5 5 5 4 4 5 5 3 5 3 5 5 5 5 5 5 5 3 5 5 3 4 
199 1316 1029 1013 222 1771 1107 160 1739 730 1189 356 80 1068 270 1805 1228 1370 52 1736 321 727 632 675 110 1080 569 
5 3 5 4 1 4 4 5 3 5 5 1 5 5 4 5 4 5 5 5 3 3 4 5 4 5 5 
491 1650 1294 1504 1190 17 47 977 1738 649 857 195 14 1526 687 98 415 198 846 1669 727 342 516 1371 1452 493 1691 991 1683 1643 
4 4 4 4 5 4 4 4 4 4 5 5 4 4 5 4 4 5 4 4 5 4 5 4 4 5 5 4 5 4 
408 883 502 592 114 920 
5 5 5 5 5 4 
1762 252 1666 388 325 238 1535 108 839 1291 1236 740 1078 1629 1122 1400 1574 1184 1404 994 
4 5 3 3 2 5 5 4 4 4 4 5 4 4 3 3 4 5 3 1 
1033 267 408 78 1659 1125 400 776 1418 
5 5 5 5 4 4 5 4 5 
1183 1405 1682 1384 901 1099 374 505 954 1644 770 817 164 673 331 870 647 244 1604 13 1104 1336 1646 701 947 1745 1808 932 
5 4 4 3 5 5 4 4 5 2 5 5 3 5 5 4 4 5 4 4 5 5 4 5 4 4 5 3 
1018 90 578 1535 1053 1492 964 13 1190 37 1161 664 58 190 266 1316 28 286 82 579 550 654 151 1600 506 508 110 1309 1155 687 505 607 181 1295 1375 
1 5 3 5 5 5 5 5 5 4 5 5 4 2 4 4 4 1 4 3 5 5 3 5 5 5 5 5 5 5 5 5 5 5 3 
977 1119 98 493 516 649 1669 198 341 687 1602 956 494 744 829 275 288 1504 595 415 1738 1156 881 47 1633 363 
5 5 5 5 5 4 5 5 5 5 5 5 5 5 5 5 5 5 5 5 5 5 4 5 5 5 
929 404 264 1101 596 1248 1251 1053 687 294 961 1564 90 1576 632 1242 168 362 492 933 1350 1384 760 1078 100 438 457 1808 1715 804 280 579 1295 1406 
4 5 5 2 4 5 1 3 5 5 4 5 5 3 5 2 5 5 5 4 5 1 5 5 2 2 4 1 5 5 3 3 4 4 
692 1644 815 1404 1613 1622 1209 1631 1295 717 1149 1350 277 1104 409 825 1587 1281 964 1015 708 113 83 1168 970 1029 328 90 49 
5 5 5 2 3 5 5 4 5 1 5 5 5 4 5 4 4 4 2 5 4 5 4 5 5 5 5 5 5 
632 68 1397 137 1422 93 308 641 
3 5 5 5 5 5 5 5 
798 1800 328 90 1315 632 1575 408 506 1149 148 1136 1704 1068 994 1557 724 1532 1189 58 1168 1124 904 261 661 1631 627 653 817 1148 
2 1 4 4 1 1 1 4 4 5 3 5 3 2 4 5 3 4 3 4 4 4 2 4 4 4 5 3 5 4 
39 1602 994 655 423 982 1436 984 725 
5 5 5 5 5 5 5 5 5 
